14

0 0 0 0 1 1 0 0 0 0  0  1  0  0
0 0 1 0 1 0 0 0 1 0  0  0  0  0
0 0 0 0 0 1 1 0 0 1  0  0  0  0
0 0 1 0 0 0 1 0 0 0  0  0  0  1
0 0 0 0 0 0 0 1 0 0  0  0  0  0
0 0 0 0 0 0 0 0 1 0  0  0  1  0
0 0 0 0 0 1 0 0 0 0  0  0  0  0
0 0 0 0 0 0 0 0 0 0  0  0  0  0
0 0 0 0 0 0 0 1 0 0  0  0  0  0
0 0 0 0 0 0 0 0 0 0  1  1  0  0
0 0 0 0 0 0 0 0 0 0  0  0  0  1
0 0 0 0 0 0 0 0 0 0  0  0  0  0
0 0 0 0 0 0 0 0 0 1  0  0  0  0
0 0 0 0 0 0 0 0 0 0  0  0  0  0

1 2 3 4 5 6 7 8 9 10 11 12 13 14


Anordnungsnummern: 5 2 3 1 13 6 4 14 12 8 10 9 7 11